start=268.333667
volume=108.000000
